1000011000100010101000100000001100000000000000000000000000000000
1111010110001101010110000010100000000000000000000000000000000000
1111111100000001001111101110110000000000000000000000000000000000
1101011010110110111010110111000100000000000000000000000000000000
0100100010111010000010111010100100000000000000000000000000000000
0001101011101000110110110100100100000000000000000000000000000000
0101111101000011011111111111000000000000000000000000000000000000
1011010100111000100110100010001000000000000000000000000000000000
1001001100000110110110001011111100000000000000000000000000000000
1010111111101110001001001101011100000000000000000000000000000000
0101101000110011000110000110111100000000000000000000000000000000
0100001001110011001001001100110100000000000000000000000000000000
1111010010111110101001000111101000000000000000000000000000000000
1111111000100010001000000010100000000000000000000000000000000000
0011101110100111101010100010111100000000000000000000000000000000
0000011111101010110100011011111100000000000000000000000000000000
1101101100101110010111000011000100000000000000000000000000000000
0100100101100111011010111101101000000000000000000000000000000000
0110000101010110110000100111001000000000000000000000000000000000
1001000110110000100000110011110000000000000000000000000000000000
0011101100110010011101011001111100000000000000000000000000000000
1110010001001001101101110101000100000000000000000000000000000000
0111000000011101011101011110110100000000000000000000000000000000
1101101111110101100011110111111100000000000000000000000000000000
0010100101100101000110010111010100000000000000000000000000000000
1000011100011010111101101010110000000000000000000000000000000000
1011011000011011011000110111001100000000000000000000000000000000
1110001011011110101100001010011100000000000000000000000000000000
1001111111100111101100101011001000000000000000000000000000000000
1111000100010010111100010010111000000000000000000000000000000000
0000111100001100100000100011011000000000000000000000000000000000
0101101111011100101000111010110100000000000000000000000000000000
0011111100010111001110100110110100000000000000000000000000000000
1100000011000010001010110101101000000000000000000000000000000000
1001101000110000100000101111001000000000000000000000000000000000
1100111000010100010111001100011100000000000000000000000000000000
1100100110111010111001010011011000000000000000000000000000000000
1011000010001111001000001100000100000000000000000000000000000000
1101111011010010110100000000101000000000000000000000000000000000
1001111101001100111100110000011000000000000000000000000000000000
1101000101111001000011110100010000000000000000000000000000000000
1110001010100000000100000000001000000000000000000000000000000000
1110110101111010101000100011110100000000000000000000000000000000
1101001000100100011110011001011100000000000000000000000000000000
1100100111011011111010001011001000000000000000000000000000000000
1100011101000000101101111101100000000000000000000000000000000000
0100110100010000001100000001111000000000000000000000000000000000
0110101111010110100100100101010000000000000000000000000000000000
1000000111000010000010011101101000000000000000000000000000000000
0000100110101111100011100110101000000000000000000000000000000000
