0101110011101000111101000001110110010000101000110011100010000110
0100001110011011110011101001011100110100000000100100101100110010
0000100011001011000111101010010011101010010001000111000000010101
1100010100011000010011101011011100001011010111110101101110000001
0001100001010010100100110110000110100100001000010111010001111011
1001110110111001001110010111010100010001000100111010010111111110
1110000000001101011000011001110101011000000000101110111001101101
1011011101011111111001000010011001011011000010010000101010010100
0000110011101001001001000000100100010001001101000000001101011110
0001000011110111000010000111001100101111000110010101011100100001
0111111100000000011011010101101001010000111111111110010100111010
0001101100111011101100011001101111011011001001011101011001011000
0101010101000001100111001010111011000010011010000000101100010000
0000001011100110100101001111111010101000110111100110001101100111
0101011100101010010000110111001000100100110010011001000001000000
0110110100101100110001000100101111000011100011111101011101011001
0000101001111000111101110111111000011111000101100000111000100010
0101110011010011010001101011101001010110101000011101001110100111
1111000101101001010001011001011101110110011000011111100010010000
1001011100110001000010100111110101011101111110111111001111100000
0111001111110010110000100111110111110010110101001010100001000111
0001010100110101000001101110111100001110111110010000100010011010
1001001101000010000100111010011110100011011100000110010011010101
1001101000000000100111001100111110101101001110001010100100110110
1010011001000101001001010101010110000000111101011111100100001010
0110011011110001000010110000101010011110000110010011110111101001
1100000011001110111000100111110011111010100111100001001011110011
1001100011000101000111010011110010010011000011011000000110110111
1111100100110000010101101110011011000010010010101001100010010011
0010111000110110010100001100011000101001010110110110101011001010
1010010000011101111111100101101000111011101011000101111011000011
0100111000111011001010000101101010000100011000100011000000001111
0001001101101010000000100101011100101010001011001101111010000101
1101010101000001011100100001111100000101001000111110110100010000
0100001011001101111000100000111110000101001001011111010011000101
0111010110101000110010110100101110101101001100011000000011011100
1111001111000000100011111011101101110001101101001010001010100011
1011100101110101100000111110100100101011111110100000100110001110
1000111001011010001110000000101101000101110111100110010011101111
1000111100011000010010011010111100010101000100010010101000111001
1111100111010101011001111000111000010101101100110110101001101101
0000101010111010000010010011111010100101011101000110011010000010
1100101111110000000011010100100001010011000101110110100110010000
0000011110100000110100000111110101001101011101101001100101000101
1011011101011110110001100000001011001110011111110101001100001111
1110011001100001100000111010010001101110011110000011111101110101
1011110111000101001010011000100000110110001010110001000110110000
0001010001100101010110101100111011011101111001111110110110100100
1000110111100110010110001111101011010001100000010001100111101001
1010011101111001001110110010011100010101100000011011110010110000
1011111000001110110011010011000110010001110101101011001111000110
1001100110000100101101111001100111001000000100011010011001001000
0101010101111100001110011010011001001100111110000011000001011011
0101100010011000110001000010000011000111001011110110001011100010
1110001110101010111001010100111010011110000010011101100011010010
0101001111001101100100111000001001011110111101111101101111010001
1100010111001000101100001111011011000110111000011011100101000011
1011000110001000001010110101000000011110110011000101011001110001
0000000100010111101010100110101000011001110111101111011111010001
0010010011001010110011111101100001011000101100110000011000100000
1010011011001000000001100000001111011101010101101111000100111101
0110011101000010100100100100001001101000111011101110101010010110
1000010001100001010011011000101011010100011101010011010011011010
0001110010000101010011011111011110110010001011000011100000111010
1010001101001111011000111110001001001010000000110010111111101111
0111111100100111001000010011100111011010010100110101011010110001
0010101010111111010101100000011011101001000111100011011100011101
0110011001011110001110011101000111101101101001001110011101011111
0101110100010111110011101011010101110001100111101110000000111101
1101100000111010100111001111010001010011011110100011110000010001
0111001000111100001111000001010011000010110111000110101010010111
1000110111000100100100001010100000101010110110111111111110111110
0001111110100001001010000000001100110111000000101100110001000110
0010100110011010000111001101011100010101100000110110010010100010
0011000000100000010101010100110101101000011010110000010101001110
0110010001100000101001101010111011110110110100111100000111100001
0100001110011111011101110100110010110000111000100101100101011001
0000101001010110010000100100111010000101110101001011111010010110
0101001110001000001000010101000110011100101101001010011010100001
0101010001000010011101000010100111101011010111110111101000000111
0110000001010001111110001111001100100011111010101010010001000001
0110010011010011010111011000100001100110011000010100101011000111
1000111101010110010110101111001000010010110000001111001100010011
0010001000110111111111110110111100011011111011000111000010111001
1001101101000100011111000001001100001100101110011111001010011100
0110000010000110001110011110001001010111010111000111100110000011
1100111010001001001101110010010111010111001001000111111101010110
0001011001100110011000000001001010100110010111011111001000010010
1111000111100010010000001101101011111110010100011110000010110001
0101111101011101111010000110001000110101010010100011111000101101
1011001001000000000001100110010011110000101010000100101110100110
0011001110010000001001101001000111111011011001100100110001100101
0110010110001001101010111011010101111001010000000110101100100000
0010010010111101101001111100100010001011101110111110001101011100
1110011000000110111010111000101010010001001100101011011000011011
0110101000000111111110101001110100010110010011111000001010011100
0001000111110111000110001000111000010011010010010100000010110110
1011010111100011001001000110001010000100001111101010001110100111
1100111100110101101010111100001111111010111000001011001110011101
0100101100110000001010010100010110110100001001100011000110000101
