0001111101110011001110101000101010100100101000010111001110110100
1100110111010011010100000001001111100001000110110010101110010100
1000010111101011101010100001010010110101001100101101000110000101
0101011101010010100001011011101100000011000010111110010011111001
0001110000011110001011000111101000111110001011010101010001111111
0110010000111011110111001100000110001011110110100011001101100010
0101011110100111000010000101000001101010101101100110100001110111
0011101000000110100001110011100111100111010001100100011100011001
0101011010101011101100011100010001001001101101111101110110000101
0110011001011000010011111110101000101011100110100000101101110000
0110011011000111110001001001001011111100001011011010000011011101
0000100101000010100011110110100000001110010010001100110111100011
1100000010110100001011100101111100011110111011001100010011100011
0101100000001011111111110100000001101001100100111001001101000100
1101011100000110000001100010000011101011000100011111001001011001
1110101000100110110101100000000010111111110011100110111011001100
1100011000101011011100000100100000101111000011110011001110010101
0011011101100101001010010100010000101000000101000111010000011001
0100101010110101000011000101001001011010010011101010101100101101
0000000101000010011100011010010001010000110011110100111011010110
1111001101101111011011101011000010110000110001110000110011101111
1100110001010000110111010011010100011110011000011111000011010101
0101000100111111010001011010011010100000000001110110110001111010
1010100110100000011100110100011011101011110011001111110000010100
0010101010011111011000111101110111000100000000001010010101011001
0010011110001010011110101010100001011001110001110001010110001110
0000110111100100111111011000011010001011110101110101001010111001
1011000001100111011101101100110011000000111111100000001100000011
0111010001000000100110111010011011011000001011011110111100110010
0010010111011101011001011011001001000001011011011111000111110001
1100000110001010100101000100000110110101101110000001101110101011
1001100011100100000000000111110101100110010110010000110011100000
1101110001101000010000101101101110010000010100000111100101011110
0100110011100001011011111101011100000100101110101101000001000010
1000010100101101010100100100000100100010111001001101110000101100
1111111111111000101011001011110011101000000001111001010100101001
0011011000111011001101001101010000100010100000011010100011100100
0101010001000000111100111110001110011110101110001100010010101111
0100100111001001001101010000001000110101001101101110011111001111
0000011111001010010101010111100001110111111010111101110010100110
0000010010000010101001010111101101000101100010111110111010000110
1010110101100001101001011001110100001001001011001000001110101010
1111101111000010010001011111000101011011111001011000101100011111
1101100011101111010101110011011101110001011110011000110101000100
1010111010111111101010001011100011001011000110111101111010011100
1000000111010000001000001111010100001011110011100000011111000011
0100000100110100000011000111110111110010111110111000100001111100
1000110000000001000100010001011110000111011111010011010010000111
1010010000010100001111001110110010010111011101111110001100010001
1000010000000101100000101000011001001110110001101000001000011000
