10100101111101010011001100000100
00101110111000011011000101000011
01000001101101011011101011000010
01001101010010001010010110110110
00011101011111000101111010111100
10111000100011111000000101011110
10010111001010000101001111011111
00100111100100111101010010110010
11000011111001001110001011101011
10101100100010001001000001011111
01001110011110010111111110001000
01011001100110100010000010111101
11011001000110100110101010111100
11100010111011001001000001001010
01100111010011011001010111011000
10101001001110111111110100111011
00101100111101001111000110011010
00000101000001000101010111101000
01101010101000100100110110011111
10111111011010100110100000100011
10010000011010110111110010100111
01000101011111100010101110011000
00010101010010010101010100100111
11001111001001111101000100111001
01000110100110010000010110100000
10010010111001101110110000101010
10100101010001111110010011011110
10111010100000110100001011000010
01111111110000010100101100101101
01001111110011101110001110000100
10111000100101011011111011000101
00001010010110100011000001110101
00010101101011110000110101000001
11011001000111000000001001000010
11000001001001100101011000110101
01000010110001010101010010101110
11000000011010000011000100010101
11011001001100010010111011111100
01110001101110001111111111100010
11011011011101101011101000110111
11111011011100001010000100100011
01111000100000001110011000001100
11110110111000101100111010011001
01001010111010101001101001100001
01101111011001011010010001111011
10111000100010101110000010111010
11001110011010110001111001010111
00011000011101111110001111110000
01100101110100111100101111010010
11100110000100100100010000011010
