101011111001011101010001011110101000000011111010
101000000111110011110111111001011101010010101110
000001010001011001010110100011111101010100001000
111000001010100011110000001001011101010110101111
100011110000001010100101010010100110101100000010
110011111011110111110010100111110010101110101011
111100000000000001011010101100000011110011111011
010110101110101011111111111100001000000100001101
100001011001011101010010100100001000000001010010
100010100001011110101110100001010000001110100110
001111111110100000000000001101011010101011110100
100011110110100111110111110110100011110011110110
001010101010101000000011110011111001010101011100
000000000101011100001101010010101001011111111100
001010101110100101010100001000000110101110100100
101101011010100101011001011000001000001001010110
000001010100001111110001011110101110101111111100
001011111001011010100110101000001101010111110100
111110100010101101010010101000001011110010101111
110010101110100110100010100001010100001111111011
101110100111111110100101011000000100001111111010
100010101010100110101010100000001101011101011110
110010100110101000000100000010100111110100001111
110011110100000000000001010011111001011001011111
110100001100001000001010100100001010101010101011
001100001101011110100010100001010110100001010100
011000000001011001011101011100000100001111111001
010011110001011000001010100011111010100111111001
011111110010100110100000001010101101011100001101
000101011100000110101100001010100001011000001100
010100001000000011111011111111111100001011110101
001001011100000111110110100101010000001011110100
100010100110101101010100000000000100001010101110
111010101010101000000010101110100100000011111111
101000000101011001011011111100000100000001011110
101110101011110101010001011001010110101001010110
111110100111111000000001010001011111110111110111
110111110010101110101011110000000111111101010011
110001011100001011110100000111110000000001010111
110001011110100011110000001001010011110101011111
011111110011111010101010101100001111110001011101
000001010101010111110100000001010010100111111100
011001010111111110100000000001011010101001010001
100000001111110100000001011010100000001111111010
010110101110101011111101011000001100000000000101
011100001100001100000011110000000111110100001001
010111111011111000001010100101010011110001010001
000010101000001100001010101011110101011001011100
010001011011111100001100001011110001011111110101
110100001110101111110010100111110110100100001111
110111111100000001011101011001011010100110100011
110011110011110000001001010110101111110011110011
001010101010101111111000000111110011110100001100
001011110001010011110001011000001000000100000000
011100000111110101010101011100001010101001011101
001010100111111001011011110010100111110000000100
011000001011111001010001010110100001011110101101
010110100011110001010000000101010110101010100001
000000000010100010101111110101010100001101010100
000100001001011001010101011001011111111011110000
110100001101011001010000000000001100000000000111
001100001110101000000101010010100100001000000100
010000001000001100000010101001011011110001010101
100011111001010000001010101001011011111110101110
010100000110101001011110101100000111111100000101
101111111110100100001110100100000010100111110010
000101010101010111111110101010101100000000001100
101100001100001011111100000111110011111010100010
101011111010100010101111111001011101010110101010
011011110000000111110101010011111001011110101001
001110100100000111111000000111111000000010101000
010001011011111000001001010010100001010101010001
100011111111110100000010100101010000000000000110
100101010011110011110100000011111001011010101110
100110100000000100000000001010101010101001011010
001100001000001100000001010100001101010101011100
001000000111110011111110101110101110101001011000
000001010100001010101100001000000100001001011100
101010100111110001010000000100000010101010100010
101010101000001000000100001110101000000101010010
101100000000001010100011111111110001011110100110
001100001001011010100110101011111011110001010000
010001011110101010101100001011110101011110100101
100100000100000110101111111111111110101101011110
110011110110101000001000001111111000000010100111
001100000001010000001100000111110011111100000100
111001011101010001010010100110101110100100001011
000010101100001100001100001100000000000010100100
011110100011111100000100001000000001011011110101
001011111110101011111011111101010000001100000100
010110100100001000000000000000001100001100001001
100110100111110010100000000100001101010010100010
101100001011110001010011110101010111110110101010
000100001001010111111011110100001111111001010000
011100001100000000001101011101010111110001010101
101101010100000000001111111111110101010011111010
000010100011111110101110100011110001010001011100
010110101011111100000110100100001000001100000101
111001011110100110101011110101010111111000000111
101001010110100110100000000101010010101000001010
