000011111110101110100110100111110101010001010100
111001011011111010100110101010100000000010100111
010000001011111101010111110101010100000010101001
101010101110101010100101010000001011110111110110
000011111000000011111100000101011000001111110100
101100001000000111110111111011111001011000000010
001010101111110100001110100001010000001010100000
100111110100000000001101010000001110100111110010
001010101101010101010111110110100011111000001000
001100001100001011110000001001011111111101010100
001100001101011000001111111000001001010010100100
000001010010101000000101010001011110101101010000
111000000001010110101000000101011100001011111111
001011110000000001010111111111111110101000000000
011010101110100000001100000000001100000100000001
011101010100000100001101011010101100000000000001
011000001100000101010110101110100000001001010001
000110101110101100001010100101010010101000001000
001001010101010110101010100001011000001010100100
000000000010101000000100001110100011110100001000
011110100110101101011110101101011101010110100001
111001011000001010100001011011111010100110101011
001010100010100111111110101000001011110100001100
010101010011110100000000001110100110101000001101
100101010101010011111110101100000111111011111010
000100001111110001010100001111110101010101010000
000001011011111100001001011111111011110000001100
010110100000001100001110101110101101011001011001
001110101000001000000001010011110111110100001100
000100001011111011111010101100001011110110100100
111000000011110001010101010010101000001000000011
110011110001011100001000000000000000001111111011
111011111000001101010000001000000101011011110111
101001011001011100000010101101011111111010101110
110000001010100101011010101010100100001000000011
011111111111111111110001010101011001010111111001
000110101100000111110110100110101001011010101000
101010101000001000000001011110100111111100000110
001001010011111001010010100110101010100000000100
000000001111111001010100001010101010101111110000
100000001001010000000101010100001010101111110110
110101011010101100000011110100001011110011111011
111111110111111000000100001000001011111110100011
111011110001011101011110101010101110100110101111
010101011101010111111111110101010001010111110001
110000000011111010100000000100000001011110101011
101000000010100110101000000001011000001111111010
110001011000000000000010100010100010100010101111
010100001000000010101000000111111001011101011001
010000001000000000001011110000000101010000001101
